Zurich:0.1492814046188428:0.7438554486905343
Bangkok (BKK):1.7583944958865503:1.3320023177917568
Helsinki:0.4354111670044743:0.5179899661215426
Wien:0.28575548622381497:0.7293949110240802
Washington:4.148507520836681:0.7426797755138437
Rio de Janeiro:5.528180113450895:1.968927260976772
